57.68872604602965
57.38290857993616
57.32472679052
57.136281347790046
56.77319310175253
56.171426266807
56.63433535516713
55.91348799016255
56.297482319543555
56.866705097212574
56.66497515078732
55.05728642236836
55.88338559355197
56.461602822354735
57.46819578605773
53.46416484086504
56.84717898889339
55.483404761227845
54.89197549053614
55.88669216210049
54.83604964603414
56.96709044578142
55.88890976820997
58.17477585816459
55.03683424662938
54.162623258064784
55.265687055789726
56.88713512504103
56.80322566161446
55.556210135338446
58.853622693469816
58.56849380411835
54.35659534089511
57.21637665563485
57.66116089572559
43.807511381738486
58.67351558191625
56.96140580658764
58.19299449009618
42.515505863283025
57.92220761717115
57.188625583531525
44.03316134068113
57.469172241715185
57.27135221625456
58.08560115370228
60.9693391849673
60.0094129961241
61.4600447850717
60.81379474010731
61.02772843325801
62.62899815729228
61.38870947051065
57.9285844906493
58.384378736521754
57.77397050707019
57.70368660539862
56.50404481612139
56.78048214967451
56.12456324696177
56.04428191653916
57.37275089669424
57.915364399153844
57.363595703215104
58.374809717592946
57.71494406786508
57.20812264066066
57.488390437680195
57.864898574843195
57.512203979184704
57.7867153113496
57.9788104470748
57.95329021435358
57.682190659621675
58.66445915300435
56.459201825807455
55.95708566591871
57.9559449449045
58.60012742990009
58.582584817396125
59.219232234347416
60.726138848585975
56.81764577759899
59.011333547713775
60.505008249281936
58.429784472942245
57.61488496248884
52.16918847262853
51.644117660658175
50.936307706094695
49.972910309264755
52.75638207438526
53.43387561085186
55.53112198980806
49.926208156165785
56.09055340157493
53.71601641436847
54.300932519382286
53.40074574508187
55.872732298062076
56.52826676145467
57.776744795779265
57.911083110042966
54.714094352327166
55.776626101160886
58.98564474236295
58.16672856460417
53.93391267497154
55.81824238864233
57.87025021290007
54.4437327351637
54.046989744396264
54.05068802730928
52.298641437608175
49.911372304607724
59.79856817908433
58.06123246782995
52.63650660818299
51.518975959336466
57.13054693689128
55.59248473590051
55.67560172232611
49.53838493254195
53.92100946551877
53.302112025182495
