34.217188121154734
42.73213455201626
46.16440965511163
47.562654181927215
48.5129914623301
49.19342475036311
49.37129309263953
49.437862946982904
49.52016975681876
49.576288249913006
49.500980133965854
49.78151673057115
49.9781908113304
50.17959894096989
50.50103241320715
50.12294072015682
49.82001343103613
49.63359909576637
49.34547923259368
49.26996250554313
48.661672949066656
48.48471871870479
48.72283392487744
48.94597206557542
49.10477760671803
49.29398471472633
49.1744006977871
49.41738958414299
49.50060926563688
49.50963573208652
49.786471921503676
49.96522395639902
49.948938972880036
50.147594709813156
50.17929265837494
50.23697321064692
50.26691668194697
50.31112257855838
49.979172672497086
49.88055300199928
49.933120627952334
49.70548315568917
49.73991076178799
49.73913842224994
49.73748491441465
49.810088560827076
49.80232872786816
49.816778429886085
49.61113574959306
49.3959143553929
49.447666968031776
49.279522624577346
48.96394997318056
49.0707832941197
49.16116306920039
49.24753071144162
49.28644414453709
49.35205330350426
49.43758223077988
49.511107291598556
49.45318917027302
49.529310195863125
49.61801057993126
49.69628362183021
49.74221764224562
49.76120954256261
49.81111744115029
49.88635747582557
49.95910083791934
50.004748911494694
50.05037028344537
49.949992834522625
49.855627185380044
49.78309326721105
49.63955416557049
49.59834175331968
49.50962702520338
49.45530427069495
49.36082399582666
49.288408531514996
49.23018360653438
49.18488435181221
49.10902658915752
49.02377986834438
49.09748456016651
49.16970380431879
49.23722194190612
49.302872840776686
49.3655296256742
49.41432026605091
49.39842193633978
49.455999706108685
49.504631982621085
49.561167273529435
49.59663013663948
49.65195335483072
49.703052836766766
49.53009315938279
49.560498198094514
49.584274544647016
49.574189185077564
49.49122590251158
49.44234753806111
49.45031482285838
49.46348333044918
49.46533089926362
49.477439538448685
49.48923897229335
49.51440480781012
49.55857627973269
49.504634810141994
49.53785422297765
49.57250741045243
49.54352446763932
49.52942587792743
49.495110872806215
49.51960961201892
49.53708832951459
49.4774667574827
49.447662453463025
49.431788733335445
49.412200539441116
49.3894554873429
49.3548995913581
49.24489648185062
