22.320574616675728
39.418231026956214
42.66873361381647
42.63818421104615
40.80028379215829
42.46661619297919
40.530324458004344
41.335998531159895
41.49730985047877
40.759652527469854
38.932786556823544
42.049072834187086
42.331793574857954
42.1308438198782
44.04859955959896
34.528858264229456
29.643459227878704
29.179939822957877
24.61691711141043
18.394216988049283
32.70120859787272
34.365393955247804
44.23367687602741
45.20997354498952
43.73128814818688
45.76990438606556
36.08955191548987
44.37962715758979
42.41993564434091
35.68014028341015
45.538693317682295
48.007809390891055
45.94568567789864
47.06520349489138
41.17492991322895
41.47769596373287
39.30723153009532
41.49130316150811
23.625127040704186
33.42564580547173
41.36664944486414
29.464818424620766
38.467465435390096
39.199950386132834
38.51993689710558
41.03709132623074
39.2538136840397
41.5511416290071
29.056117199356866
24.001877331932164
40.37511953991192
24.384102628416
13.947134747854012
40.82283301459726
41.542323902025835
42.732680525524685
38.35966908416968
43.4695300264807
41.36238759281976
45.3412681590561
44.130680094316645
41.320003636253155
45.094045468201045
45.131153290216275
41.490445849876075
41.509346414498395
43.83318590309872
45.60727312009846
43.46999290097806
43.98063736659295
43.19233021073571
29.326878568831162
33.06742974361845
29.651999952648257
31.6227145478762
34.83847306400834
30.186630802987835
33.60232351413517
33.34498589020108
30.238500331319763
30.5806198538682
34.24388664004087
34.74053882453791
31.981355124817338
45.75660005189424
45.13079825454652
45.434709672484004
45.13664819079388
44.229290239983015
43.930708493816546
42.901944714761946
46.07870696074289
44.961601728295655
45.72894465364894
46.85026605833737
41.928672904602216
42.10715752630546
24.19397607768452
43.24238897241986
41.83171067747934
38.8767501272247
38.00613082649204
38.12566146689568
43.337460089931234
43.59819460582873
38.88867647926315
38.81081242309142
42.03591459454935
42.816438538736364
45.196670258986146
44.18988597301499
46.483295398530416
46.3324338885369
45.178667414199474
36.047821976544625
42.3798486177348
42.94401510998509
42.83019470677373
36.774003082325734
41.4499042626981
34.752768023110775
37.452601517268185
36.25291975298622
34.42543228512029
22.86110371634509
