22.320574616675813
31.05660343944705
34.9834107447894
36.91783003229104
37.70400828884789
38.4741484245922
38.746774695596166
39.09273507507621
39.385166101931496
39.517734130498425
39.45982103306111
39.69492998198373
39.888011796981495
40.05512773665095
40.33205188879113
40.00230546206277
39.664226884708555
38.987549546229545
38.50406553574152
37.365031145345554
37.19075434509889
37.03218820077122
37.380328565270695
37.71421197083262
37.96030677087522
38.281109944287806
38.20977888814498
38.499502697198366
38.68390326698074
38.57698084860245
38.84376564937132
39.11452454868728
39.31718914929634
39.53312798505197
39.58749520267697
39.63925451416816
39.63085688149998
39.68414373791437
39.270789206617884
39.18148167389897
39.24554442184032
39.050480928712325
39.03457004994886
39.0384119868883
39.02903768693616
39.084657324738345
39.0887402929163
39.14184761167043
38.9591911295004
38.706966996691655
38.74098893394258
38.516662585418345
38.03739594282251
38.086387266888494
38.1528247717176
38.241099072501996
38.24314879396137
38.3256885171061
38.37457730478922
38.49844420220572
38.597690649643475
38.64462708044685
38.74635596433828
38.85335587542208
38.89174897152935
38.93848845777671
39.02099105144953
39.135062740885665
39.20972719146455
39.28676940123131
39.34908674608555
39.19485921699162
39.09817164165088
38.9462130248801
38.83867993303291
38.78413826865707
38.66646274360624
38.590438046590776
38.535132702599036
38.4216826305295
38.34937363241881
38.297682941266665
38.25833487682974
38.16044490532147
38.25607404672785
38.33973315856468
38.41504024412703
38.495351640338335
38.56422156629927
38.64916621250604
38.71647851454319
38.803657063344055
38.87750196865697
38.957058590535176
39.048031406042654
39.085271741324114
39.121067759123626
38.97277857165254
39.01727797005861
39.049566643311486
39.0477205595499
39.03345408618855
39.023833211449464
39.075481220165415
39.12044701436305
39.11833929982998
39.11564417237364
39.13969672872525
39.17839451909173
39.24565960794792
39.29580147952999
39.38373842999608
39.44833815633988
39.50597077818652
39.479056003665384
39.506073081221956
39.53844149976367
39.567800213021066
39.54526456595615
39.56259286552951
39.5141877002974
39.49622911321947
39.467183858167374
39.429362207016325
39.30309667993757
