57.68872604602973
57.517709699859026
57.44849642013856
57.366079397934726
57.242257935586885
57.057256529395154
56.994954450002844
56.85609546346729
56.7925317188437
56.80010952793206
56.7875834406285
56.640801757442475
56.58157418252922
56.57460877426946
56.63591216087328
56.43228789939193
56.45731681536569
56.41310807036061
56.330278942054996
56.31202322076667
56.25368090247353
56.280808280113234
56.266452238397854
56.333887724961265
56.27823424406342
56.20902236122054
56.17143047141177
56.198858287263235
56.21657934375403
56.19289521602619
56.28501816331078
56.36143368672331
56.29651511171516
56.32536685755806
56.36599028984555
55.74660952737129
55.81182492665752
55.84342724709558
55.90628944906431
55.32180310952894
55.37321269997216
55.41763126505661
55.03445439138527
55.09069108086309
55.139922474357924
55.20495693870696
55.32947345482673
55.42842740035162
55.5273063738718
55.63501287222491
55.74268983315692
55.8774978035744
55.983315059433856
56.019961314232745
56.06368014844947
56.09472984526319
56.123419026007916
56.13008703758261
56.14128484688554
56.14100182498326
56.13939203602311
56.1595837739189
56.18786525073228
56.20650327543585
56.24033952430361
56.26299704169401
56.27729928059614
56.295353077220454
56.31840670903258
56.33568749376748
56.35639210422481
56.37921659266305
56.40105374915787
56.4185837938118
56.44889972291021
56.449036933619105
56.44257089716382
56.46220410749045
56.48958447247505
56.516050558359616
56.54980558149153
56.60131288382792
56.60394844294653
56.63292433276594
56.678975421741214
56.699553238299536
56.71018644816113
56.658040429798355
56.601117304998304
56.53752660030929
56.464653100931145
56.42393971456371
56.391468084461074
56.38222523587111
56.313604321556326
56.311258450707584
56.284247850353594
56.263818644932655
56.23462814517434
56.230975669870816
56.23394613452162
56.24920892388471
56.265488664097
56.25043861656213
56.24588633174149
56.27195881997529
56.28982012953421
56.267819235924094
56.26365965912891
56.27838789436087
56.26522568259659
56.24521824894362
56.22560156276834
56.19080985851216
56.13566447241056
56.16755169230726
56.18389475920986
56.15354162926885
56.11422252736851
56.12277236652218
56.11927917300603
56.11560204904853
56.06153924517061
56.04408815834205
56.02191443830434
