57.68872604602964
57.53581731298289
57.4440388249555
57.37622785541054
57.267346580444496
57.099735238358825
57.011087641560465
56.89016564606743
56.8313497434353
56.83454154620686
56.81386271749708
56.6848486393238
56.603481832646445
56.594698846295096
56.67065510192661
56.49911447067641
56.5255832553317
56.476495137855785
56.36943299952339
56.349123514453844
56.2571433400818
56.284129633573315
56.262294281895855
56.32859364320655
56.26318810413929
56.19625834188688
56.152773702349705
56.17442154474199
56.20170154981233
56.18399819878247
56.292080162130155
56.35044974269398
56.27478164395396
56.2974496720129
56.346153644288314
55.81031423135888
55.904965515674895
55.92718836969081
55.99821677471927
55.48981892737996
55.56104553615864
55.59144573819295
55.19067304757189
55.25217100152979
55.30523752491277
55.351936138833025
55.49343243722426
55.56618057509993
55.70871658985145
55.78772375170061
55.90958432569025
56.009644325473545
56.130116109237036
56.1559219469394
56.20405276312901
56.22578751357762
56.256609183897105
56.25991850819643
56.27041374290367
56.26852711957313
56.26415160341639
56.278035794950654
56.30898718633443
56.32178822342076
56.35942381451465
56.383825619255376
56.39335930366663
56.405879448558565
56.431100176757106
56.44311244122855
56.46569400207089
56.48204521884986
56.50610482629884
56.51847466111528
56.54081076871702
56.53952457576343
56.530487509667985
56.55226684404893
56.58308491155617
56.612729091034936
56.65080802665674
56.68914326593689
56.690976397344336
56.723611519009076
56.75786807475371
56.78084974345736
56.788235613925615
56.74769029803309
56.703281700786874
56.62709974577118
56.570449802958784
56.53825312732794
56.512266708967196
56.49979188736321
56.445910053500896
56.44302097502997
56.421029002766595
56.39504742821535
56.35879680251152
56.352982633797936
56.355054550200464
56.371663081106696
56.38943929391194
56.3703143516564
56.363613581334725
56.39287732197124
56.41245625400921
56.38539791799349
56.37927312825972
56.395202370617
56.381743959338
56.357232104063044
56.33326800975904
56.291780847063386
56.226840302101955
56.26282748474162
56.28076668656801
56.24477399443576
56.21462906094394
56.22353010930111
56.21956893602528
56.214365997587194
56.1511165322623
56.13018638616423
56.103890948126256
