75.58989561501187
75.78246716549785
74.35806274402404
74.12455789597281
74.22350310416235
74.37381782412756
73.83181284452267
73.59057443433798
73.45084697182762
73.40227780358197
73.27721535933044
73.10136916104612
72.8929621601127
72.86915699013056
72.85917974431462
72.81210482825104
72.70965569908127
72.56568037348812
72.43021179689819
72.3991786501641
72.3680807090281
72.36469545373265
72.34205825994631
72.31721706165098
72.40866552613811
72.39768174974333
72.39332473005759
72.4409757597394
72.46158595943893
72.48509609882925
72.57375281289819
72.59926841642974
72.61562695516527
72.62408111065443
72.5964255450999
72.5788261320304
72.61769852024908
72.64554980880618
72.66492036786224
72.65812267394378
72.63966936574595
72.66418990984037
72.7018924931089
72.70689162506194
72.70340196227556
72.69993892484186
72.71543530417901
72.72065735213322
72.73262969147429
72.76978001839004
72.80410128710595
72.82175593729872
72.85585892956772
72.86201139589198
72.9018173574396
72.91804632850474
72.93241003819477
72.95235294870713
72.96283104037809
72.96962886786375
72.98188079316498
73.00349399223771
72.99727120409509
72.98152223332694
72.94274414014754
72.94497496608186
72.93544999232111
72.93206297517759
72.95175955409069
72.95744003677919
72.94742623436925
72.95367872010601
72.95616971895745
72.9427973193178
72.94669217390417
72.93617854476611
72.91489889840135
72.90691060424328
72.89804898003628
72.89779293521688
72.88525810868835
72.87861793323204
72.88677604286596
72.88381757687077
72.86461102040094
72.88214498698629
72.84889495879845
72.83515987907714
72.83036619305422
72.83589064617424
72.83944377616845
72.85186758563687
72.86519894634655
72.86653358326089
72.88314520816566
72.89138721497407
72.90651264121679
72.92782047791115
72.93674108229263
72.95144418818289
72.94131160736234
72.93841951846476
72.94568823719187
72.93564162485967
72.94372953788215
72.94764041854822
72.9344358307931
72.92320522289634
72.93274088947506
72.89942952654123
72.88785208972078
72.85932077690401
72.8413665052036
72.84161880970264
72.79449484284493
72.77141504091085
72.74712196149272
72.73997211444966
72.76788023294996
72.75180931871992
72.76694547095101
72.74657971141764
72.71630538962411
72.69716464836897
72.67253045689921
