29.012989904712125
28.831641787254586
29.312247197026554
28.962391161995825
29.177756009197147
29.414877320210657
29.39641428615667
29.46656989431417
29.6765237338098
29.812502152623072
29.55412915884628
29.68184544217099
29.95576083995031
30.1000190473127
30.68594886196452
31.11758044476417
30.853870958732827
30.601646642458643
30.32813329348746
29.836354402728656
29.540073616225385
29.818671909910258
29.88954973664353
29.960623767718317
29.99638068193754
30.03027421970604
30.00906723080429
29.980157494807614
29.973416471634724
30.006111747785525
29.959050274656025
29.967934167037594
30.244080471870202
30.409614614950517
30.617896143367275
30.789036802725867
30.784437146427873
30.85360070431072
30.644761061039702
30.202719200518796
29.92347671670945
29.72781883282883
30.142301331538558
30.320343747501152
30.44566335397497
30.646323329221865
30.803825450401728
31.005148284881713
31.20697794349741
31.33438181288884
31.359345559483703
31.20078210378587
31.29791523471022
31.395835852111112
31.457172635184754
31.552748110737166
31.609203462684793
31.677495521815988
31.611074542428675
31.55585327700672
31.539082698173758
31.409718186456587
31.344194314140015
31.301161591658104
31.162136621651964
31.17534268793616
31.17218072922216
30.98302262764322
30.667714598029193
30.807622348722035
30.914903922154043
31.007934708258205
31.057082268734014
31.118081876001227
31.177196868776942
31.288764430373217
31.394717451621624
31.46091786369879
31.528465054303247
31.621393643494475
31.492269055053804
31.461834997984763
31.391795770785453
31.341240391428176
31.25679050212496
31.156094151674218
31.238280982985106
31.32325962387875
31.375204120199744
31.393657629547622
31.427304390678525
31.41628765762681
31.486367875276546
31.55217562895377
31.585889469602975
31.626958441833644
31.715738770919053
31.735764144744522
31.786603712204048
31.8354532147979
31.918614227198468
31.9755640633943
32.03897426591023
32.07944334396173
32.111200359122385
32.14954160877469
32.151111946464134
32.16959892834674
32.21821045623826
32.22379833082591
32.267747338995626
32.27251800213232
32.302712963474164
32.344663683092755
32.32271728947869
32.32027159367144
32.298712262865386
32.23857534899479
32.16221341435225
32.16211460406444
32.12641591048092
32.09594652335946
32.06715518761528
32.012067896025414
31.946040786668597
