29.01298990471196
28.836913792427804
29.322093605318248
28.99171456039041
29.182595195266074
29.43022794952508
29.4095953946995
29.47522628952577
29.69579236117127
29.823583009897977
29.592877699011254
29.725153204215555
29.974023049360763
30.123374754838384
30.674534404782143
31.098422745206484
30.89294701214366
30.658259417852957
30.39352150984159
29.91845732265283
29.694154633957165
29.94922516452152
30.002202795200617
30.069065671015863
30.098945351992764
30.127477525645958
30.10317364306293
30.059575742548642
30.04966720471339
30.082892854765117
30.036472282658032
30.043376210136106
30.304142988965317
30.485095812289867
30.69711145910451
30.88303475930763
30.875187364982352
30.929948264284224
30.69414139268397
30.211352990475735
29.947207752698752
29.75208285056319
30.2092563269883
30.395407484647578
30.55154722817591
30.746518154311133
30.906462194247297
31.09039155569398
31.340251479926028
31.493295435023203
31.51674335240815
31.340854942351505
31.436709404897616
31.519114039022995
31.575502705295246
31.663565362315254
31.724994383525935
31.787668096976766
31.71053526973153
31.649455228053398
31.630257394241028
31.528482939851315
31.465957953123887
31.41514084003592
31.25866506827784
31.27062266551278
31.265080733495022
31.053657719870422
30.698378046772056
30.826835794634626
30.946545571991027
31.030689272934772
31.084884155740923
31.160218563892073
31.214860227608003
31.313089527170906
31.416538480344947
31.47438662256839
31.54986332799623
31.62314571778402
31.504289115064964
31.469864648968354
31.404326490142715
31.35689597068969
31.26270049139851
31.162386043896134
31.239414906962004
31.316777203797137
31.37441877223718
31.395116350322393
31.432603705050482
31.424144095770462
31.50239118519997
31.57593006676299
31.60609957660349
31.651739755075564
31.73903678920835
31.756649392105455
31.799986571646212
31.86039275472478
31.93427275706701
32.00314009639198
32.065992584707715
32.114925968079206
32.143281863464225
32.185488753461236
32.18687682229584
32.20300030652506
32.253101291507036
32.25816542548293
32.30259067822316
32.307542170236914
32.3360683419679
32.3705529353565
32.349156776908885
32.34674703142881
32.31842556121995
32.27139873241705
32.19910402820643
32.198597620502504
32.16284114968683
32.129970407603594
32.1011640068034
32.04036912348326
31.96823784430779
