75.58989561501187
75.9750387159839
72.50633699610816
73.29830997209928
74.51539146832158
75.28726881468569
71.33858993834019
71.51221274659326
72.57755033113864
72.86054477314933
72.28922204974313
70.69362890761397
70.90267530119795
72.4827807696518
72.74743459117772
71.92854486521165
71.3931843892493
69.49789843585039
70.4659174363436
71.65915745881368
71.86584895968222
72.27537679478394
71.93911621055035
71.5987331724938
74.18733816041123
72.05211524624767
72.30139161468821
74.06111076892192
72.93046800260312
73.34412042270684
74.73697663618124
73.59633969289058
73.04176688922523
72.97590404293547
71.83036637923851
71.80174435496322
73.75860311447067
73.94599074373868
73.2654076985977
72.32346697334333
72.03716885308627
73.93359961565
73.99509109921654
72.97838294497011
72.51039676662668
72.50494327857723
73.29267543449015
73.02795478943726
73.19835369184007
75.05023854752936
74.19582873353944
73.95029549961887
74.29500520332135
73.27091377313477
74.64730877130128
74.03784533199575
73.58595882909023
74.3790380853624
73.45687306265665
73.473191011615
73.57977474786742
74.65939755195805
72.6833315423024
71.73493062406313
70.92240548550457
73.12721628471822
72.42348265267549
72.64677191577982
74.04295002587436
73.45033115005445
72.3761388068751
73.51207379244589
73.18112607677469
72.14914540071051
73.30831444203876
72.29484716734169
70.88514801438495
72.40644397523533
72.0302914711562
72.88132925332532
71.62599015127857
72.20489551578065
73.43010614448775
72.57613711337004
71.55376354133332
74.09637217301845
70.51308047859874
71.32958383270893
72.48570016800686
73.23862327862545
73.2434073247396
73.77806258150927
74.41471325651976
73.02299409537271
74.15974858210176
73.5330274450073
74.7413431938862
74.62179349510726
73.6548497350079
74.14974731824329
71.65525327244505
72.69794232663052
73.88670774624988
72.08368889909514
74.0113340568535
73.2857360521309
71.77969463160329
71.92985795442308
74.24499531326978
69.89807572620738
71.26522979072286
70.24157282596286
71.17610780499531
72.86527235648278
68.32949898306367
70.56152400571543
70.39676652778438
72.04107456600154
75.52380693485469
71.14873562427775
75.11304906676018
70.68149169474418
69.61621483796905
70.7180120025828
70.10072086745859
