75.58989561501187
75.8052716912133
74.62210945879173
74.27265928373299
74.32335273751683
74.4898829541012
74.11217878226613
73.76901556327223
73.63009300534162
73.56531947323471
73.46624817847943
73.21764834934041
73.02716169968706
72.98577316743966
72.96893295215918
72.90027380045822
72.82575351222872
72.62931762230333
72.53313460142807
72.49593227070669
72.46364952119687
72.45634113610448
72.43701371278466
72.39907236777665
72.46067329739432
72.44706823306683
72.44116336298472
72.50426855524209
72.51696547074798
72.54708893729287
72.62403827768424
72.657043717098
72.66967464395404
72.67940893674184
72.65325140959855
72.62780200747376
72.6606180177482
72.69686774625124
72.71246177527682
72.70207717786359
72.68478834103053
72.71643680803773
72.74804065065163
72.7535965799982
72.7478686819276
72.74227889868823
72.75465881547669
72.76067076107417
72.77009163955358
72.81813638104595
72.8465665461257
72.86888266435808
72.89714575967484
72.90440919843708
72.93763334369284
72.95821389365018
72.96974085833207
72.99515245449165
73.00333046067905
73.01150780442016
73.01919794483881
73.04688201287011
73.04084768559058
73.01952556683752
72.98583529904103
72.98807067548911
72.97928291098856
72.97418672732599
72.9903197197566
72.99716033759657
72.9880607288891
72.99562802593351
72.9982686781396
72.98635066648512
72.99080709392743
72.98130555300857
72.95307335671939
72.94580889495782
72.93380164591872
72.93312236578298
72.91641717284432
72.90743864837091
72.91395187768805
72.90979400700085
72.8933067248407
72.90775847202738
72.87933400205917
72.86115448723827
72.85680124523448
72.86117757652399
72.86550893615617
72.8757339638201
72.88920732232151
72.89067693665426
72.90446590378438
72.9112220660252
72.9306841323171
72.94847867253003
72.95583400026587
72.96813790812567
72.95474594916278
72.95215289761695
72.96149514883872
72.952807033884
72.96318116013236
72.96631168831415
72.95490577970594
72.94514669982775
72.9574053409172
72.92882290332123
72.91342429561433
72.88891983133696
72.87335380736182
72.87328102463994
72.83272432259956
72.81263148049564
72.79144624156237
72.78492327240446
72.80852715675059
72.7973281605093
72.81698230699256
72.80279088951393
72.77614989764031
72.75908574224776
72.73722630388535
