29.012989904711976
28.64169897228674
30.34519016728272
27.94184337317493
30.057852740549702
30.663008400075
29.286248599547232
29.93321579472706
31.283003112032493
31.010616146959393
26.35601227657076
31.011597333262113
32.93341012097847
31.930835190515246
36.99318610592236
36.28919575601603
26.19191130116007
25.05420413600149
25.09230632746789
19.93052246029475
21.592341518271112
36.346669822999985
31.24911532215922
31.531327694279852
30.86561423949902
30.888103520841458
29.50403010286553
29.187617732261035
29.782782892151793
31.01104416599521
28.52950200279507
30.27440519793933
38.314218173437396
35.661765797198754
36.97443747263773
36.57374596748505
30.600187372539214
33.14442560678642
18.174270303659014
12.043815507379223
19.74316237161819
22.49264006295079
45.49191253891362
37.57339612399211
36.60732002619775
39.34643139623447
38.12132921310927
40.60537144906351
40.98662926902425
37.66514075148177
32.561784846833206
19.318364796121585
35.86856867320735
35.1284370137208
34.29984924832801
36.00626305654357
34.590937445828594
35.14007223890519
27.672404902187058
26.109495447850758
30.687163808210066
23.80737771088162
27.83695668265373
28.83594946874442
21.000808919699537
31.857721087128716
30.967955395840185
17.341994357085927
9.508962071975443
39.80212278660304
38.04207055711919
37.09452337355724
34.72786417797427
35.91884201210036
35.330802940130134
38.81054758729047
37.98739430962707
36.572077789729335
36.304895769954044
38.2578830566231
22.757841467922763
29.04485225950156
26.244199617701682
27.723346176512766
24.605098580069594
24.561366498413584
37.394172102918596
37.5755387085368
35.752033888125176
32.98770090408337
34.35457260904051
30.528250839828285
37.51918053554798
37.40651281924522
34.55484123406239
35.16525993508987
39.614598633234614
33.099826911392164
36.781648210085166
36.727697743791325
39.66436952387264
37.31467028338902
37.137467133727135
36.11222185889798
34.48798901627333
35.40140178981065
32.35003800440929
34.25422210506637
38.10600969262132
32.91304440938604
36.19380584857715
32.80305814879797
36.133527983617796
36.240568834217925
29.768594014587563
32.05370102673165
29.61108501921831
25.73466952881086
20.672115079075105
32.15064662218532
27.072340658195955
28.341456251418364
28.61558950997889
25.550515329058353
20.20499085660676
